Map 1
Start: 25 14
End: 2 17
Obstacles:
26 19
14 27
26 2
28 22
15 23
11 27
25 30
23 27
14 28
5 23
18 12
5 6
21 14
25 23
9 4
2 18
16 24
24 30
20 17
28 9
14 19
11 14
10 10
22 12
14 23
25 10
19 27
30 30
3 27
16 11
11 19
22 19
6 28
10 24
19 9
18 11
7 16
1 9
20 6
3 11
8 3
3 9
23 13
29 11
22 28
4 30
30 14
27 16
4 28
1 10
14 7
15 3
21 18
9 19
7 26
17 29
26 25
29 13
12 18
18 15
20 18
8 25
11 17
15 6
2 15
24 18
24 24
9 21
1 19
14 18
10 9
3 26
14 24
6 19
5 30
8 15
19 30
10 1
10 14
26 21
20 30
22 21
23 5
30 11
22 1
23 18
30 9
20 15
8 23
4 8
17 10
19 6
15 10
13 15
18 16
21 28
10 30
29 3
25 25
22 2

Map 2
Start: 25 22
End: 29 26
Obstacles:
30 3
14 14
18 17
11 28
2 5
26 26
29 25
3 30
4 15
26 15
4 12
13 2
23 25
20 19
2 7
23 28
18 5
23 4
21 27
9 11
7 19
13 8
8 25
19 15
16 8
14 21
24 2
30 29
27 13
24 25
8 12
29 10
26 5
5 27
12 6
20 28
5 26
24 21
20 6
12 23
20 18
23 10
7 24
14 4
4 5
28 7
15 11
29 5
17 12
19 4
30 6
19 27
6 25
16 29
6 8
27 1
16 11
17 18
11 5
24 9
3 19
21 26
20 16
22 29
10 19
24 29
6 13
7 23
24 3
28 17
11 6
19 6
12 22
5 24
12 4
12 12
15 19
27 23
18 22
8 19
17 14
29 9
25 15
12 27
24 13
17 27
22 9
25 23
8 8
12 30
1 24
24 14
10 8
23 14
14 1
30 4
3 1
12 28
16 30
21 4

Map 3
Start: 26 17
End: 25 20
Obstacles:
9 8
1 6
20 8
13 13
19 14
27 8
9 27
19 3
11 18
15 22
23 2
14 24
15 5
5 29
21 24
17 20
8 21
10 3
1 28
9 1
29 17
10 17
30 11
29 12
21 13
21 11
22 23
15 19
5 25
26 1
1 25
15 16
9 15
6 18
21 29
10 11
11 21
6 24
15 21
13 25
1 19
3 22
6 26
15 9
28 29
12 28
30 7
4 26
2 8
24 3
17 26
21 5
2 26
3 28
18 30
17 2
6 22
18 13
25 9
25 21
21 9
30 12
23 30
24 2
15 25
2 30
9 9
18 28
21 23
12 12
17 15
10 2
28 16
17 12
15 27
20 17
29 18
12 25
20 13
26 28
29 24
8 13
23 7
12 16
13 24
10 28
2 20
15 10
2 18
23 27
27 30
16 9
10 26
2 12
5 30
18 14
3 17
6 7
3 10
1 8

Map 4
Start: 6 2
End: 8 21
Obstacles:
16 20
14 23
16 12
21 12
13 3
28 6
29 9
6 15
23 26
16 23
6 12
4 2
10 17
29 22
30 2
15 27
25 1
9 1
13 9
22 8
24 2
20 7
26 21
2 20
17 15
9 25
20 22
20 18
24 9
10 5
14 12
9 16
15 8
3 6
9 21
9 14
1 4
30 25
12 28
15 14
17 2
7 23
7 12
12 30
11 11
10 28
20 19
8 18
23 21
21 8
15 3
19 30
9 24
28 9
3 9
29 11
5 12
3 5
19 4
12 20
10 22
27 9
23 19
26 16
23 14
11 25
9 20
9 3
4 20
7 17
3 15
13 25
23 15
25 19
23 4
21 19
20 3
24 30
27 20
22 29
13 5
7 5
20 12
8 2
25 27
4 6
16 15
15 26
26 5
4 29
26 11
16 29
23 30
8 4
30 10
5 4
4 11
7 28
14 19
21 16

Map 5
Start: 17 21
End: 23 24
Obstacles:
6 13
30 19
25 6
1 23
11 17
12 22
1 8
24 28
10 29
18 23
15 16
18 21
15 1
5 22
2 23
15 21
7 15
28 1
28 14
19 4
30 4
7 8
13 17
23 26
16 3
22 16
6 17
19 20
18 16
27 19
24 25
24 11
4 9
11 22
23 3
18 2
7 16
28 21
12 10
26 19
23 7
26 16
22 21
16 17
28 16
4 15
20 4
13 13
10 26
29 9
18 3
2 25
22 18
21 23
26 21
8 13
28 10
7 29
4 27
16 29
13 9
29 7
29 24
18 11
2 8
1 24
11 19
13 5
24 30
11 14
12 9
3 7
21 15
3 13
9 10
25 23
2 20
19 8
19 10
4 22
8 26
15 7
12 17
16 27
5 17
27 6
16 28
10 20
13 21
12 18
26 14
19 6
14 21
6 28
17 17
12 13
1 22
10 24
29 21
9 27

Map 6
Start: 20 2
End: 28 1
Obstacles:
7 4
8 13
22 20
10 20
18 25
15 18
3 21
8 21
2 2
13 18
8 5
16 26
5 22
14 7
15 9
20 3
11 16
5 25
10 22
28 5
9 21
7 9
24 13
26 18
3 28
21 9
19 15
22 19
28 18
19 23
25 5
9 22
14 21
11 22
1 18
16 2
21 10
29 5
15 15
25 21
26 23
22 23
11 11
18 14
7 10
7 3
18 3
18 11
4 29
29 29
20 10
2 21
9 24
20 29
28 25
23 12
18 20
23 9
28 13
21 12
30 1
27 17
8 26
15 23
26 27
22 8
5 11
27 30
4 2
9 30
22 11
2 28
3 13
12 25
18 23
12 14
24 9
13 4
26 17
20 6
21 24
27 28
11 3
29 12
2 11
14 23
17 16
25 18
7 5
15 29
27 1
15 11
11 12
23 5
12 28
27 22
4 18
25 19
12 29
13 13

Map 7
Start: 24 5
End: 6 15
Obstacles:
13 10
7 9
23 3
2 24
7 14
17 4
3 16
23 16
30 26
13 2
19 6
27 18
4 24
7 5
5 24
13 3
26 23
5 25
22 29
23 29
24 25
10 17
21 18
6 16
15 29
25 21
24 9
6 26
29 29
27 21
25 12
24 7
19 21
4 14
15 2
1 2
3 9
2 17
1 10
18 8
20 11
7 10
20 28
18 15
28 13
20 7
5 23
21 26
20 14
2 16
2 29
24 24
25 8
26 1
4 30
21 6
24 19
27 2
9 20
2 19
3 18
10 3
1 23
20 29
7 28
23 30
14 28
7 22
15 11
27 5
5 30
24 4
6 13
14 18
21 23
2 20
26 24
30 20
17 6
9 3
15 19
17 14
30 17
3 17
22 17
14 15
22 19
10 29
30 22
25 11
2 23
16 13
6 7
28 24
9 9
4 7
19 4
18 23
27 23
7 4

Map 8
Start: 10 10
End: 2 11
Obstacles:
14 4
19 25
21 24
10 4
24 24
2 22
30 2
28 9
15 15
4 21
20 21
8 7
19 23
22 13
6 9
4 18
23 17
17 21
14 2
18 1
6 22
28 10
4 16
26 8
21 18
5 2
21 16
9 13
10 5
11 17
30 7
14 7
21 10
13 5
10 26
15 1
16 8
21 17
1 5
7 19
9 30
21 20
4 23
28 22
28 15
12 17
3 3
12 9
3 26
5 14
3 11
1 22
10 3
4 30
14 29
26 14
11 22
15 4
20 28
18 12
6 26
9 5
9 15
28 7
17 26
12 2
18 24
14 25
14 17
17 12
22 25
22 3
7 2
21 8
13 13
18 23
13 17
29 16
17 15
15 2
25 13
8 11
14 23
18 5
16 6
19 27
1 6
23 27
15 21
10 6
5 17
22 24
22 20
7 18
25 4
27 5
21 21
9 25
3 16
6 6

Map 9
Start: 19 27
End: 1 23
Obstacles:
3 16
2 11
13 11
25 19
28 22
2 25
9 19
9 26
23 26
17 20
30 30
9 13
23 7
6 4
20 15
28 30
11 3
16 20
22 22
6 22
11 15
3 27
24 26
22 8
8 24
30 4
10 28
18 27
18 4
21 22
16 22
19 6
28 27
18 12
2 18
28 10
12 30
16 3
25 29
25 21
20 25
26 6
18 20
27 12
20 29
12 9
27 1
18 18
26 5
20 23
9 22
8 11
14 26
29 14
23 28
18 30
13 2
30 19
17 21
17 27
18 5
21 6
7 23
6 1
4 29
27 14
19 15
24 27
4 27
20 22
25 13
29 12
26 27
8 1
6 29
4 26
16 13
21 10
5 7
26 2
6 5
16 25
26 4
6 18
8 13
12 8
30 22
27 20
26 15
6 10
26 20
8 28
22 18
16 17
14 16
24 3
14 18
9 21
28 21
11 22

Map 10
Start: 10 21
End: 13 9
Obstacles:
6 13
22 2
16 2
14 14
3 25
19 3
10 3
9 25
3 20
2 5
26 14
10 27
17 11
12 10
17 6
18 10
26 9
17 4
1 23
12 18
29 23
23 9
29 26
21 8
28 29
23 30
5 7
6 12
13 2
6 29
5 2
2 20
18 6
7 9
27 30
21 10
2 26
8 4
28 10
20 12
22 25
14 16
7 22
19 20
19 1
20 1
22 14
6 1
16 22
16 9
24 8
20 4
21 19
27 29
18 4
24 29
11 22
30 19
4 14
13 1
10 9
11 13
14 12
16 13
13 30
16 7
13 27
29 25
30 29
1 16
25 9
18 19
20 20
1 25
28 22
27 6
8 30
6 3
18 21
22 23
5 10
13 20
29 5
9 6
10 11
6 26
10 7
16 28
6 25
20 28
5 14
14 11
19 14
14 26
2 25
11 25
5 13
29 24
26 2
1 30
