Map 1
Path Length: 28
Path: 
25 14
24 14
23 14
22 14
22 15
21 15
21 16
20 16
19 16
19 17
18 17
17 17
16 17
15 17
14 17
13 17
12 17
12 16
11 16
10 16
9 16
8 16
8 17
7 17
6 17
5 17
4 17
3 17
2 17

Map 2
Path Length: 8
Path: 
25 22
26 22
26 23
26 24
26 25
27 25
27 26
28 26
29 26

Map 3
Path Length: 4
Path: 
26 17
25 17
25 18
25 19
25 20

Map 4
Path Length: 23
Path: 
6 2
6 3
6 4
6 5
6 6
6 7
6 8
6 9
6 10
6 11
7 11
8 11
8 12
8 13
8 14
8 15
8 16
8 17
9 17
9 18
9 19
8 19
8 20
8 21

Map 5
Path Length: 9
Path: 
17 21
17 22
17 23
17 24
18 24
19 24
20 24
21 24
22 24
23 24

Map 6
Path Length: 9
Path: 
20 2
21 2
22 2
23 2
24 2
25 2
26 2
27 2
28 2
28 1

Map 7
Path Length: 28
Path: 
24 5
23 5
22 5
21 5
20 5
19 5
18 5
17 5
16 5
15 5
14 5
13 5
12 5
11 5
10 5
9 5
8 5
8 6
8 7
8 8
8 9
8 10
8 11
8 12
8 13
8 14
8 15
7 15
6 15

Map 8
Path Length: 9
Path: 
10 10
9 10
8 10
7 10
6 10
5 10
4 10
3 10
2 10
2 11

Map 9
Path Length: 22
Path: 
19 27
19 26
18 26
17 26
16 26
15 26
15 25
14 25
13 25
12 25
11 25
10 25
9 25
8 25
7 25
6 25
5 25
4 25
3 25
3 24
2 24
1 24
1 23

Map 10
Path Length: 15
Path: 
10 21
10 20
10 19
10 18
10 17
10 16
10 15
10 14
10 13
10 12
11 12
11 11
11 10
11 9
12 9
13 9
